$ANSIBLE_VAULT;1.1;AES256
31653132386334333939643365396232313230633435396531343130623965376363656461653765
3132316234373336333063666361353534393032393535340a326264393230396462336335336439
64343833366132376465656132363739353838336666613635646436633365373839643634353036
3364336230613166370a653330306431643766643565643663616463336631326164313633316635
35303062646464393938363461326462646433316262396631383466343731356437313263666164
37386135343961323363386130306133633539313638656164366563623830623930626463353934
61663537366437353639656562626638383235343534633632396638323137313139393037313232
34303030653363636137633934383231643534613361333764666639643136656165333633393337
38323735613061323735343561336462656362393633363266363434336538366365613436333863
33613462393962663036646137653335313861383437373462363038653733613162313766323835
33353836663733333037663034613238393438373263623062313265333231393635383138346264
62656534333131313764366161646237383665386664306331633866383664303664613731656136
66306133643434313761626135376464656532616166656235623733353831663865306639366232
33353334363430303162333239636635383437383662323933303762386632343862396530343836
30663735353262343464393565633231353065366335333964643533626130343131333136626138
61646264313437386637643032333335306133323534346138363434616162316132623437653135
65313962356361633436653966666234633437356633616162313266666664373162623338386634
63333432643739346363363565363131666631636336316230626466643331653135343437313863
37343634363339323131396236633231326537623036616336323564346133623430306665396330
66613031383632356465633466356530643833333530353539373938663865346435383666313530
38633266323566643038303532373134383437663032633439366666313939323465366166616236
35316562313263346135376638323865623162623763623538363234666437333335303137373336
66373633323563656138613639653262393836656131353861366465386436383765366534393761
66656464376631643939633834616338313663633937356462363162656531626333636266653664
31393066633265366637363037616332643763363539303532346464613831343762363865393238
31343265396339303463626634383561343564643038306461343565336435306130333466383530
35363239366134643534356130633533303236333966626538313538356665613134653931353636
62383934653961363535
